-1.068807895266021  1.770842607      844.404 128 128 128 
+1.255968373199876  1.755104813      836.899 128 128 128 
-1.295034683576825  1.768203228      843.145 128 128 128 
+1.501519850539593  1.750744766      834.820 128 128 128 
-1.517751503008028  1.766805917      842.479 128 128 128 
+1.769450331942610  1.776192110      846.954 128 128 128 
-1.763795715640422  1.763557455      840.930 128 128 128 
+2.077931368799749  1.783394147      850.389 128 128 128 
-2.045141371789088  1.773956498      845.888 128 128 128 
+2.439688492749088  1.780627128      849.069 128 128 128 
