+1.050028053498425  0.015618173       15.618 100 100 100 
+1.310386150319346  0.017080588       17.081 100 100 100 
+1.428621429097739  0.018555274       18.555 100 100 100 
+1.717981094258140  0.015952017       15.952 100 100 100 
+1.895576712745372  0.016627024       16.627 100 100 100 
+2.239104243993767  0.015756064       15.756 100 100 100 
+2.481396693922890  0.015763456       15.763 100 100 100 
+2.900734360945278  0.015233118       15.233 100 100 100 
+3.220404572564231  0.016699413       16.699 100 100 100 
+3.739030770499884  0.016045494       16.045 100 100 100 
